// Do not edit this file. This file was generated by a script:
// 'generate_bspline_basis_cpp_files 0 5 3'
#pragma once
#include <Eigen/Core>

namespace ubs {
/** @brief Internal namespace */
namespace internal {
template <int Order_, int Derivative_>
struct UniformBSplineSmoothnessBasis;

template <>
struct UniformBSplineSmoothnessBasis<1, 0> {
    static Eigen::Matrix<double, 1, 1> matrix() {
        Eigen::Matrix<double, 1, 1> m{};
        m << 1.;
        return m;
    }
    static Eigen::Matrix<double, 1, 1> matrixRoot() {
        Eigen::Matrix<double, 1, 1> m{};
        m << 1.;
        return m;
    }
};

template <>
struct UniformBSplineSmoothnessBasis<2, 0> {
    static Eigen::Matrix<double, 2, 2> matrix() {
        Eigen::Matrix<double, 2, 2> m{};
        m << 0.33333333333333333333, 0.16666666666666666667, 0.16666666666666666667, 0.33333333333333333333;
        return m;
    }
    static Eigen::Matrix<double, 2, 2> matrixRoot() {
        Eigen::Matrix<double, 2, 2> m{};
        m << 0.55767753582520527038, 0.14942924536134225402, 0.14942924536134225402, 0.55767753582520527038;
        return m;
    }
};

template <>
struct UniformBSplineSmoothnessBasis<2, 1> {
    static Eigen::Matrix<double, 2, 2> matrix() {
        Eigen::Matrix<double, 2, 2> m{};
        m << 1., -1., -1., 1.;
        return m;
    }
    static Eigen::Matrix<double, 2, 2> matrixRoot() {
        Eigen::Matrix<double, 2, 2> m{};
        m << 0.7071067811865475244, -0.7071067811865475244, -0.7071067811865475244, 0.7071067811865475244;
        return m;
    }
};

template <>
struct UniformBSplineSmoothnessBasis<3, 0> {
    static Eigen::Matrix<double, 3, 3> matrix() {
        Eigen::Matrix<double, 3, 3> m{};
        m << 0.05, 0.10833333333333333333, 0.0083333333333333333333, 0.10833333333333333333, 0.45,
            0.10833333333333333333, 0.0083333333333333333333, 0.10833333333333333333, 0.05;
        return m;
    }
    static Eigen::Matrix<double, 3, 3> matrixRoot() {
        Eigen::Matrix<double, 3, 3> m{};
        m << 0.17292977491993451674, 0.13828305827894748918, -0.031194370311996991443, 0.13828305827894748918,
            0.6416818460779784477, 0.13828305827894748918, -0.031194370311996991443, 0.13828305827894748918,
            0.17292977491993451674;
        return m;
    }
};

template <>
struct UniformBSplineSmoothnessBasis<3, 1> {
    static Eigen::Matrix<double, 3, 3> matrix() {
        Eigen::Matrix<double, 3, 3> m{};
        m << 0.33333333333333333333, -0.16666666666666666667, -0.16666666666666666667, -0.16666666666666666667,
            0.33333333333333333333, -0.16666666666666666667, -0.16666666666666666667, -0.16666666666666666667,
            0.33333333333333333333;
        return m;
    }
    static Eigen::Matrix<double, 3, 3> matrixRoot() {
        Eigen::Matrix<double, 3, 3> m{};
        m << 0.47140452079103168293, -0.23570226039551584147, -0.23570226039551584147, -0.23570226039551584147,
            0.47140452079103168293, -0.23570226039551584147, -0.23570226039551584147, -0.23570226039551584147,
            0.47140452079103168293;
        return m;
    }
};

template <>
struct UniformBSplineSmoothnessBasis<3, 2> {
    static Eigen::Matrix<double, 3, 3> matrix() {
        Eigen::Matrix<double, 3, 3> m{};
        m << 1., -2., 1., -2., 4., -2., 1., -2., 1.;
        return m;
    }
    static Eigen::Matrix<double, 3, 3> matrixRoot() {
        Eigen::Matrix<double, 3, 3> m{};
        m << 0.40824829046386301637, -0.81649658092772603273, 0.40824829046386301637, -0.81649658092772603273,
            1.6329931618554520655, -0.81649658092772603273, 0.40824829046386301637, -0.81649658092772603273,
            0.40824829046386301637;
        return m;
    }
};

template <>
struct UniformBSplineSmoothnessBasis<4, 0> {
    static Eigen::Matrix<double, 4, 4> matrix() {
        Eigen::Matrix<double, 4, 4> m{};
        m << 0.003968253968253968254, 0.025595238095238095238, 0.011904761904761904762, 0.0001984126984126984127,
            0.025595238095238095238, 0.23571428571428571429, 0.18511904761904761905, 0.011904761904761904762,
            0.011904761904761904762, 0.18511904761904761905, 0.23571428571428571429, 0.025595238095238095238,
            0.0001984126984126984127, 0.011904761904761904762, 0.025595238095238095238, 0.003968253968253968254;
        return m;
    }
    static Eigen::Matrix<double, 4, 4> matrixRoot() {
        Eigen::Matrix<double, 4, 4> m{};
        m << 0.028369440608203658134, 0.05600027514164007292, -0.00084533134245194852068, 0.0051655983984095015063,
            0.05600027514164007292, 0.43200002062962838591, 0.21436772725685282261, -0.00084533134245194852068,
            -0.00084533134245194852068, 0.21436772725685282261, 0.43200002062962838591, 0.05600027514164007292,
            0.0051655983984095015063, -0.00084533134245194852068, 0.05600027514164007292, 0.028369440608203658134;
        return m;
    }
};

template <>
struct UniformBSplineSmoothnessBasis<4, 1> {
    static Eigen::Matrix<double, 4, 4> matrix() {
        Eigen::Matrix<double, 4, 4> m{};
        m << 0.05, 0.058333333333333333333, -0.1, -0.0083333333333333333333, 0.058333333333333333333,
            0.28333333333333333333, -0.24166666666666666667, -0.1, -0.1, -0.24166666666666666667,
            0.28333333333333333333, 0.058333333333333333333, -0.0083333333333333333333, -0.1, 0.058333333333333333333,
            0.05;
        return m;
    }
    static Eigen::Matrix<double, 4, 4> matrixRoot() {
        Eigen::Matrix<double, 4, 4> m{};
        m << 0.14979670174313762052, 0.020336565740708403945, -0.16467413303811484507, -0.0054591344457311793972,
            0.020336565740708403945, 0.42244404731192977697, -0.27810648001452333584, -0.16467413303811484507,
            -0.16467413303811484507, -0.27810648001452333584, 0.42244404731192977697, 0.020336565740708403945,
            -0.0054591344457311793972, -0.16467413303811484507, 0.020336565740708403945, 0.14979670174313762052;
        return m;
    }
};

template <>
struct UniformBSplineSmoothnessBasis<4, 2> {
    static Eigen::Matrix<double, 4, 4> matrix() {
        Eigen::Matrix<double, 4, 4> m{};
        m << 0.33333333333333333333, -0.5, 0, 0.16666666666666666667, -0.5, 1., -0.5, 0, 0, -0.5, 1., -0.5,
            0.16666666666666666667, 0, -0.5, 0.33333333333333333333;
        return m;
    }
    static Eigen::Matrix<double, 4, 4> matrixRoot() {
        Eigen::Matrix<double, 4, 4> m{};
        m << 0.31454972243679028142, -0.44364916731037084426, -0.056350832689629155741, 0.18545027756320971858,
            -0.44364916731037084426, 0.83094750193111253278, -0.33094750193111253278, -0.056350832689629155741,
            -0.056350832689629155741, -0.33094750193111253278, 0.83094750193111253278, -0.44364916731037084426,
            0.18545027756320971858, -0.056350832689629155741, -0.44364916731037084426, 0.31454972243679028142;
        return m;
    }
};

template <>
struct UniformBSplineSmoothnessBasis<4, 3> {
    static Eigen::Matrix<double, 4, 4> matrix() {
        Eigen::Matrix<double, 4, 4> m{};
        m << 1., -3., 3., -1., -3., 9., -9., 3., 3., -9., 9., -3., -1., 3., -3., 1.;
        return m;
    }
    static Eigen::Matrix<double, 4, 4> matrixRoot() {
        Eigen::Matrix<double, 4, 4> m{};
        m << 0.22360679774997896964, -0.67082039324993690892, 0.67082039324993690892, -0.22360679774997896964,
            -0.67082039324993690892, 2.0124611797498107268, -2.0124611797498107268, 0.67082039324993690892,
            0.67082039324993690892, -2.0124611797498107268, 2.0124611797498107268, -0.67082039324993690892,
            -0.22360679774997896964, 0.67082039324993690892, -0.67082039324993690892, 0.22360679774997896964;
        return m;
    }
};

template <>
struct UniformBSplineSmoothnessBasis<5, 0> {
    static Eigen::Matrix<double, 5, 5> matrix() {
        Eigen::Matrix<double, 5, 5> m{};
        m << 0.00019290123456790123457, 0.0030891754850088183422, 0.0043568121693121693122, 0.00069168871252204585538,
            2.7557319223985890653e-6, 0.0030891754850088183422, 0.062858245149911816578, 0.11848544973544973545,
            0.031542107583774250441, 0.00069168871252204585538, 0.0043568121693121693122, 0.11848544973544973545,
            0.30431547619047619048, 0.11848544973544973545, 0.0043568121693121693122, 0.00069168871252204585538,
            0.031542107583774250441, 0.11848544973544973545, 0.062858245149911816578, 0.0030891754850088183422,
            2.7557319223985890653e-6, 0.00069168871252204585538, 0.0043568121693121693122, 0.0030891754850088183422,
            0.00019290123456790123457;
        return m;
    }
    static Eigen::Matrix<double, 5, 5> matrixRoot() {
        Eigen::Matrix<double, 5, 5> m{};
        m << 0.0029440054856198749326, 0.012808877601526890808, 0.004416262853908583553, -0.0005073035520614733849,
            -0.00063717059638457011643, 0.012808877601526890808, 0.17726977133501246226, 0.17682956774758683761,
            0.00080782958659356484365, -0.0005073035520614733849, 0.004416262853908583553, 0.17682956774758683761,
            0.49166968319766245134, 0.17682956774758683761, 0.004416262853908583553, -0.0005073035520614733849,
            0.00080782958659356484365, 0.17682956774758683761, 0.17726977133501246226, 0.012808877601526890808,
            -0.00063717059638457011643, -0.0005073035520614733849, 0.004416262853908583553, 0.012808877601526890808,
            0.0029440054856198749326;
        return m;
    }
};

template <>
struct UniformBSplineSmoothnessBasis<5, 1> {
    static Eigen::Matrix<double, 5, 5> matrix() {
        Eigen::Matrix<double, 5, 5> m{};
        m << 0.003968253968253968254, 0.021626984126984126984, -0.013690476190476190476, -0.011706349206349206349,
            -0.0001984126984126984127, 0.021626984126984126984, 0.18849206349206349206, -0.036904761904761904762,
            -0.16150793650793650794, -0.011706349206349206349, -0.013690476190476190476, -0.036904761904761904762,
            0.10119047619047619048, -0.036904761904761904762, -0.013690476190476190476, -0.011706349206349206349,
            -0.16150793650793650794, -0.036904761904761904762, 0.18849206349206349206, 0.021626984126984126984,
            -0.0001984126984126984127, -0.011706349206349206349, -0.013690476190476190476, 0.021626984126984126984,
            0.003968253968253968254;
        return m;
    }
    static Eigen::Matrix<double, 5, 5> matrixRoot() {
        Eigen::Matrix<double, 5, 5> m{};
        m << 0.026517219522037532049, 0.037719539052744403087, -0.038752191117773245742, -0.015558620450089043892,
            -0.0099259470069196455022, 0.037719539052744403087, 0.33391054481019246519, -0.10077793685218609962,
            -0.25529352656066172476, -0.015558620450089043892, -0.038752191117773245742, -0.10077793685218609962,
            0.27906025593991869073, -0.10077793685218609962, -0.038752191117773245742, -0.015558620450089043892,
            -0.25529352656066172476, -0.10077793685218609962, 0.33391054481019246519, 0.037719539052744403087,
            -0.0099259470069196455022, -0.015558620450089043892, -0.038752191117773245742, 0.037719539052744403087,
            0.026517219522037532049;
        return m;
    }
};

template <>
struct UniformBSplineSmoothnessBasis<5, 2> {
    static Eigen::Matrix<double, 5, 5> matrix() {
        Eigen::Matrix<double, 5, 5> m{};
        m << 0.05, 0.0083333333333333333333, -0.15833333333333333333, 0.091666666666666666667, 0.0083333333333333333333,
            0.0083333333333333333333, 0.21666666666666666667, -0.36666666666666666667, 0.05, 0.091666666666666666667,
            -0.15833333333333333333, -0.36666666666666666667, 1.05, -0.36666666666666666667, -0.15833333333333333333,
            0.091666666666666666667, 0.05, -0.36666666666666666667, 0.21666666666666666667, 0.0083333333333333333333,
            0.0083333333333333333333, 0.091666666666666666667, -0.15833333333333333333, 0.0083333333333333333333, 0.05;
        return m;
    }
    static Eigen::Matrix<double, 5, 5> matrixRoot() {
        Eigen::Matrix<double, 5, 5> m{};
        m << 0.10621333419978098034, -0.078535558656260919776, -0.1466426440045678067, 0.10403862717879445138,
            0.014926241282253294763, -0.078535558656260919776, 0.32284106270898979495, -0.3060368222704023792,
            -0.042307308961120947351, 0.10403862717879445138, -0.1466426440045678067, -0.3060368222704023792,
            0.90535893254994037181, -0.3060368222704023792, -0.1466426440045678067, 0.10403862717879445138,
            -0.042307308961120947351, -0.3060368222704023792, 0.32284106270898979495, -0.078535558656260919776,
            0.014926241282253294763, 0.10403862717879445138, -0.1466426440045678067, -0.078535558656260919776,
            0.10621333419978098034;
        return m;
    }
};

template <>
struct UniformBSplineSmoothnessBasis<5, 3> {
    static Eigen::Matrix<double, 5, 5> matrix() {
        Eigen::Matrix<double, 5, 5> m{};
        m << 0.33333333333333333333, -0.83333333333333333333, 0.5, 0.16666666666666666667, -0.16666666666666666667,
            -0.83333333333333333333, 2.3333333333333333333, -2., 0.33333333333333333333, 0.16666666666666666667, 0.5,
            -2., 3., -2., 0.5, 0.16666666666666666667, 0.33333333333333333333, -2., 2.3333333333333333333,
            -0.83333333333333333333, -0.16666666666666666667, 0.16666666666666666667, 0.5, -0.83333333333333333333,
            0.33333333333333333333;
        return m;
    }
    static Eigen::Matrix<double, 5, 5> matrixRoot() {
        Eigen::Matrix<double, 5, 5> m{};
        m << 0.19261716097553667749, -0.45424087788530877676, 0.20701966780270626534, 0.17821465414836708964,
            -0.12361060504130125571, -0.45424087788530877676, 1.1845079795075592406, -0.82807867121082506136,
            -0.080403084559792492163, 0.17821465414836708964, 0.20701966780270626534, -0.82807867121082506136,
            1.242118006816237592, -0.82807867121082506136, 0.20701966780270626534, 0.17821465414836708964,
            -0.080403084559792492163, -0.82807867121082506136, 1.1845079795075592406, -0.45424087788530877676,
            -0.12361060504130125571, 0.17821465414836708964, 0.20701966780270626534, -0.45424087788530877676,
            0.19261716097553667749;
        return m;
    }
};

template <>
struct UniformBSplineSmoothnessBasis<6, 0> {
    static Eigen::Matrix<double, 6, 6> matrix() {
        Eigen::Matrix<double, 6, 6> m{};
        m << 6.3131313131313131313e-6, 0.0002282998637165303832, 0.00074049021965688632355, 0.00038825757575757575758,
            0.000025503046336379669713, 2.5052108385441718775e-8, 0.0002282998637165303832, 0.0099561087061087061087,
            0.039048871653038319705, 0.026860519881353214687, 0.0030473635161135161135, 0.000025503046336379669713,
            0.00074049021965688632355, 0.039048871653038319705, 0.18700036075036075036, 0.16540594436427769761,
            0.026860519881353214687, 0.00038825757575757575758, 0.00038825757575757575758, 0.026860519881353214687,
            0.16540594436427769761, 0.18700036075036075036, 0.039048871653038319705, 0.00074049021965688632355,
            0.000025503046336379669713, 0.0030473635161135161135, 0.026860519881353214687, 0.039048871653038319705,
            0.0099561087061087061087, 0.0002282998637165303832, 2.5052108385441718775e-8, 0.000025503046336379669713,
            0.00038825757575757575758, 0.00074049021965688632355, 0.0002282998637165303832, 6.3131313131313131313e-6;
        return m;
    }
    static Eigen::Matrix<double, 6, 6> matrixRoot() {
        Eigen::Matrix<double, 6, 6> m{};
        m << 0.00022259551662699461886, 0.0018589424131787259051, 0.0016706974044488636293, -0.000086860182051242550319,
            0.000078218966281747317856, 0.000054981255440373992001, 0.0018589424131787259051, 0.044749977852018869636,
            0.087484165929452843404, 0.017217978003384646733, 0.0003851601657110703046, 0.000078218966281747317856,
            0.0016706974044488636293, 0.087484165929452843404, 0.35669004530088990252, 0.22763970546502718173,
            0.017217978003384646733, -0.000086860182051242550319, -0.000086860182051242550319, 0.017217978003384646733,
            0.22763970546502718173, 0.35669004530088990252, 0.087484165929452843404, 0.0016706974044488636293,
            0.000078218966281747317856, 0.0003851601657110703046, 0.017217978003384646733, 0.087484165929452843404,
            0.044749977852018869636, 0.0018589424131787259051, 0.000054981255440373992001, 0.000078218966281747317856,
            -0.000086860182051242550319, 0.0016706974044488636293, 0.0018589424131787259051, 0.00022259551662699461886;
        return m;
    }
};

template <>
struct UniformBSplineSmoothnessBasis<6, 1> {
    static Eigen::Matrix<double, 6, 6> matrix() {
        Eigen::Matrix<double, 6, 6> m{};
        m << 0.00019290123456790123457, 0.0028962742504409171076, 0.00126763668430335097, -0.0036651234567901234568,
            -0.00068893298059964726631, -2.7557319223985890653e-6, 0.0028962742504409171076, 0.056872795414462081129,
            0.054359567901234567901, -0.083278218694885361552, -0.030161485890652557319, -0.00068893298059964726631,
            0.00126763668430335097, 0.054359567901234567901, 0.13020282186948853616, -0.098886684303350970018,
            -0.083278218694885361552, -0.0036651234567901234568, -0.0036651234567901234568, -0.083278218694885361552,
            -0.098886684303350970018, 0.13020282186948853616, 0.054359567901234567901, 0.00126763668430335097,
            -0.00068893298059964726631, -0.030161485890652557319, -0.083278218694885361552, 0.054359567901234567901,
            0.056872795414462081129, 0.0028962742504409171076, -2.7557319223985890653e-6, -0.00068893298059964726631,
            -0.0036651234567901234568, 0.00126763668430335097, 0.0028962742504409171076, 0.00019290123456790123457;
        return m;
    }
    static Eigen::Matrix<double, 6, 6> matrixRoot() {
        Eigen::Matrix<double, 6, 6> m{};
        m << 0.0025634792433420728443, 0.010456353365218345732, -0.0030479788669016513843, -0.007830102277669447035,
            -0.0025027026279476991191, 0.00036095116395837896255, 0.010456353365218345732, 0.15164619685093696533,
            0.052176478504234558183, -0.17151451633991574289, -0.040261809752526427235, -0.0025027026279476991191,
            -0.0030479788669016513843, 0.052176478504234558183, 0.27666713888295084017, -0.14645101990269855704,
            -0.17151451633991574289, -0.007830102277669447035, -0.007830102277669447035, -0.17151451633991574289,
            -0.14645101990269855704, 0.27666713888295084017, 0.052176478504234558183, -0.0030479788669016513843,
            -0.0025027026279476991191, -0.040261809752526427235, -0.17151451633991574289, 0.052176478504234558183,
            0.15164619685093696533, 0.010456353365218345732, 0.00036095116395837896255, -0.0025027026279476991191,
            -0.007830102277669447035, -0.0030479788669016513843, 0.010456353365218345732, 0.0025634792433420728443;
        return m;
    }
};

template <>
struct UniformBSplineSmoothnessBasis<6, 2> {
    static Eigen::Matrix<double, 6, 6> matrix() {
        Eigen::Matrix<double, 6, 6> m{};
        m << 0.003968253968253968254, 0.01765873015873015873, -0.03531746031746031746, 0.001984126984126984127,
            0.011507936507936507937, 0.0001984126984126984127, 0.01765873015873015873, 0.14920634920634920635,
            -0.19007936507936507937, -0.1265873015873015873, 0.13829365079365079365, 0.011507936507936507937,
            -0.03531746031746031746, -0.19007936507936507937, 0.36349206349206349206, -0.013492063492063492063,
            -0.1265873015873015873, 0.001984126984126984127, 0.001984126984126984127, -0.1265873015873015873,
            -0.013492063492063492063, 0.36349206349206349206, -0.19007936507936507937, -0.03531746031746031746,
            0.011507936507936507937, 0.13829365079365079365, -0.1265873015873015873, -0.19007936507936507937,
            0.14920634920634920635, 0.01765873015873015873, 0.0001984126984126984127, 0.011507936507936507937,
            0.001984126984126984127, -0.03531746031746031746, 0.01765873015873015873, 0.003968253968253968254;
        return m;
    }
    static Eigen::Matrix<double, 6, 6> matrixRoot() {
        Eigen::Matrix<double, 6, 6> m{};
        m << 0.020604328122080687167, 0.012150559817350450883, -0.056444266905361658376, 0.0039771543872224991868,
            0.0097546120618347373875, 0.0099576125168732837518, 0.012150559817350450883, 0.19856316192237756933,
            -0.24491564452202357313, -0.14470582393065262787, 0.1691531346511134434, 0.0097546120618347373875,
            -0.056444266905361658376, -0.24491564452202357313, 0.52241257460392449189, -0.080323993633109131693,
            -0.14470582393065262787, 0.0039771543872224991868, 0.0039771543872224991868, -0.14470582393065262787,
            -0.080323993633109131693, 0.52241257460392449189, -0.24491564452202357313, -0.056444266905361658376,
            0.0097546120618347373875, 0.1691531346511134434, -0.14470582393065262787, -0.24491564452202357313,
            0.19856316192237756933, 0.012150559817350450883, 0.0099576125168732837518, 0.0097546120618347373875,
            0.0039771543872224991868, -0.056444266905361658376, 0.012150559817350450883, 0.020604328122080687167;
        return m;
    }
};

template <>
struct UniformBSplineSmoothnessBasis<6, 3> {
    static Eigen::Matrix<double, 6, 6> matrix() {
        Eigen::Matrix<double, 6, 6> m{};
        m << 0.05, -0.041666666666666666667, -0.16666666666666666667, 0.25, -0.083333333333333333333,
            -0.0083333333333333333333, -0.041666666666666666667, 0.25, -0.41666666666666666667, 0.16666666666666666667,
            0.125, -0.083333333333333333333, -0.16666666666666666667, -0.41666666666666666667, 2.,
            -1.8333333333333333333, 0.16666666666666666667, 0.25, 0.25, 0.16666666666666666667, -1.8333333333333333333,
            2., -0.41666666666666666667, -0.16666666666666666667, -0.083333333333333333333, 0.125,
            0.16666666666666666667, -0.41666666666666666667, 0.25, -0.041666666666666666667, -0.0083333333333333333333,
            -0.083333333333333333333, 0.25, -0.16666666666666666667, -0.041666666666666666667, 0.05;
        return m;
    }
    static Eigen::Matrix<double, 6, 6> matrixRoot() {
        Eigen::Matrix<double, 6, 6> m{};
        m << 0.068917235194210515652, -0.11511171397945952601, -0.053805506591672095538, 0.16291445170966828617,
            -0.048551703697534759937, -0.014362762635212420335, -0.11511171397945952601, 0.34773486702667444438,
            -0.30398261350573141711, -0.023344221848257154785, 0.14325538600430841347, -0.048551703697534759937,
            -0.053805506591672095538, -0.30398261350573141711, 1.0718664283575585384, -0.85364853812156615713,
            -0.023344221848257154785, 0.16291445170966828617, 0.16291445170966828617, -0.023344221848257154785,
            -0.85364853812156615713, 1.0718664283575585384, -0.30398261350573141711, -0.053805506591672095538,
            -0.048551703697534759937, 0.14325538600430841347, -0.023344221848257154785, -0.30398261350573141711,
            0.34773486702667444438, -0.11511171397945952601, -0.014362762635212420335, -0.048551703697534759937,
            0.16291445170966828617, -0.053805506591672095538, -0.11511171397945952601, 0.068917235194210515652;
        return m;
    }
};

} // namespace internal
} // namespace ubs